﻿Name;Position;Duration;EasyTag
24;00:01:02.000;00:00:01.000;EasyTag
2;00:01:03.000;00:00:02.000;EasyTag
15;00:01:05.000;00:00:01.000;EasyTag
3;00:01:06.000;00:00:03.000;EasyTag
14;00:01:09.000;00:00:02.000;EasyTag
11;00:01:11.000;00:00:01.000;EasyTag
8;00:01:12.000;00:00:03.000;EasyTag
20;00:01:15.000;00:00:01.000;EasyTag
18;00:01:16.000;00:00:02.000;EasyTag
4;00:01:20.000;00:00:01.000;EasyTag
9;00:01:21.000;00:00:00.000;EasyTag
10;00:01:21.000;00:00:03.000;EasyTag
13;00:01:24.000;00:00:01.000;EasyTag
25;00:01:25.000;00:00:01.000;EasyTag
17;00:01:26.000;00:00:02.000;EasyTag
21;00:01:28.000;00:00:01.000;EasyTag
19;00:01:29.000;00:00:01.000;EasyTag
22;00:01:30.000;00:00:00.000;EasyTag
23;00:01:30.000;00:00:07.000;EasyTag
7;00:01:37.000;00:00:03.000;EasyTag
12;00:01:40.000;00:00:01.000;EasyTag
16;00:01:41.000;00:00:01.000;EasyTag
1;00:01:42.000;00:00:01.000;EasyTag
5;00:01:43.000;00:00:00.000;EasyTag
6;00:01:43.000;00:00:24.000;EasyTag
24;00:02:07.000;00:00:02.000;EasyTag
2;00:02:09.000;00:00:01.000;EasyTag
15;00:02:10.000;00:00:02.000;EasyTag
3;00:02:12.000;00:00:09.000;EasyTag
8;00:02:21.000;00:00:12.000;EasyTag
14;00:02:33.000;00:00:05.000;EasyTag
20;00:02:38.000;00:00:01.000;EasyTag
18;00:02:39.000;00:00:02.000;EasyTag
9;00:02:41.000;00:00:01.000;EasyTag
13;00:02:42.000;00:00:01.000;EasyTag
4;00:02:43.000;00:00:02.000;EasyTag
10;00:02:45.000;00:00:01.000;EasyTag
25;00:02:46.000;00:00:03.000;EasyTag
17;00:02:49.000;00:00:06.000;EasyTag
21;00:02:55.000;00:00:02.000;EasyTag
19;00:02:57.000;00:00:01.000;EasyTag
23;00:02:58.000;00:00:03.000;EasyTag
22;00:03:01.000;00:00:08.000;EasyTag
11;00:03:09.000;00:00:05.000;EasyTag
24;00:03:14.000;00:00:03.000;EasyTag
6;00:03:17.000;00:00:01.000;EasyTag
5;00:03:18.000;00:00:03.000;EasyTag
15;00:03:21.000;00:00:03.000;EasyTag
2;00:03:24.000;00:00:00.000;EasyTag
3;00:03:24.000;00:00:11.000;EasyTag
7;00:03:35.000;00:00:01.000;EasyTag
12;00:03:36.000;00:00:02.000;EasyTag
1;00:03:38.000;00:00:00.000;EasyTag
16;00:03:38.000;00:00:17.000;EasyTag
8;00:03:55.000;00:00:05.000;EasyTag
18;00:04:00.000;00:00:03.000;EasyTag
20;00:04:03.000;00:00:01.000;EasyTag
14;00:04:04.000;00:00:04.000;EasyTag
25;00:04:08.000;00:00:02.000;EasyTag
17;00:04:10.000;00:00:02.000;EasyTag
10;00:04:12.000;00:00:10.000;EasyTag
24;00:04:22.000;00:00:02.000;EasyTag
4;00:04:24.000;00:00:02.000;EasyTag
21;00:04:26.000;00:00:01.000;EasyTag
19;00:04:27.000;00:00:01.000;EasyTag
23;00:04:28.000;00:00:02.000;EasyTag
2;00:04:30.000;00:00:02.000;EasyTag
15;00:04:32.000;00:00:01.000;EasyTag
9;00:04:33.000;00:00:01.000;EasyTag
13;00:04:34.000;00:00:06.000;EasyTag
22;00:04:40.000;00:00:15.000;EasyTag
6;00:04:55.000;00:00:18.000;EasyTag
3;00:05:13.000;00:00:02.000;EasyTag
8;00:05:15.000;00:00:16.000;EasyTag
24;00:05:31.000;00:00:01.000;EasyTag
20;00:05:32.000;00:00:02.000;EasyTag
11;00:05:34.000;00:00:02.000;EasyTag
18;00:05:36.000;00:00:01.000;EasyTag
17;00:05:37.000;00:00:01.000;EasyTag
10;00:05:38.000;00:00:01.000;EasyTag
15;00:05:39.000;00:00:01.000;EasyTag
2;00:05:40.000;00:00:02.000;EasyTag
25;00:05:42.000;00:00:03.000;EasyTag
14;00:05:45.000;00:00:03.000;EasyTag
12;00:05:48.000;00:00:01.000;EasyTag
7;00:05:49.000;00:00:00.000;EasyTag
1;00:05:49.000;00:00:02.000;EasyTag
16;00:05:51.000;00:00:06.000;EasyTag
21;00:05:57.000;00:00:03.000;EasyTag
19;00:06:00.000;00:00:02.000;EasyTag
23;00:06:02.000;00:00:05.000;EasyTag
4;00:06:07.000;00:00:03.000;EasyTag
9;00:06:10.000;00:00:01.000;EasyTag
13;00:06:11.000;00:00:05.000;EasyTag
6;00:06:16.000;00:00:07.000;EasyTag
22;00:06:23.000;00:00:18.000;EasyTag
24;00:06:41.000;00:00:06.000;EasyTag
3;00:06:47.000;00:00:02.000;EasyTag
15;00:06:49.000;00:00:01.000;EasyTag
2;00:06:50.000;00:00:03.000;EasyTag
8;00:06:53.000;00:00:07.000;EasyTag
20;00:07:00.000;00:00:01.000;EasyTag
17;00:07:01.000;00:00:02.000;EasyTag
10;00:07:03.000;00:00:03.000;EasyTag
18;00:07:06.000;00:00:06.000;EasyTag
25;00:07:12.000;00:00:06.000;EasyTag
14;00:07:18.000;00:00:17.000;EasyTag
21;00:07:35.000;00:00:04.000;EasyTag
11;00:07:39.000;00:00:03.000;EasyTag
19;00:07:42.000;00:00:02.000;EasyTag
23;00:07:44.000;00:00:09.000;EasyTag
24;00:07:53.000;00:00:04.000;EasyTag
6;00:07:57.000;00:00:03.000;EasyTag
22;00:08:00.000;00:00:01.000;EasyTag
15;00:08:01.000;00:00:01.000;EasyTag
2;00:08:02.000;00:00:03.000;EasyTag
4;00:08:05.000;00:00:06.000;EasyTag
13;00:08:11.000;00:00:01.000;EasyTag
9;00:08:12.000;00:00:13.000;EasyTag
7;00:08:25.000;00:00:01.000;EasyTag
12;00:08:26.000;00:00:01.000;EasyTag
3;00:08:27.000;00:00:01.000;EasyTag
1;00:08:28.000;00:00:01.000;EasyTag
16;00:08:29.000;00:00:02.000;EasyTag
17;00:08:31.000;00:00:01.000;EasyTag
8;00:08:32.000;00:00:01.000;EasyTag
20;00:08:33.000;00:00:02.000;EasyTag
10;00:08:35.000;00:00:01.000;EasyTag
18;00:08:36.000;00:00:11.000;EasyTag
25;00:08:47.000;00:00:11.000;EasyTag
14;00:08:58.000;00:00:07.000;EasyTag
24;00:09:05.000;00:00:05.000;EasyTag
21;00:09:10.000;00:00:02.000;EasyTag
15;00:09:12.000;00:00:03.000;EasyTag
2;00:09:15.000;00:00:11.000;EasyTag
19;00:09:26.000;00:00:02.000;EasyTag
23;00:09:28.000;00:00:01.000;EasyTag
6;00:09:29.000;00:00:03.000;EasyTag
13;00:09:32.000;00:00:03.000;EasyTag
22;00:09:35.000;00:00:19.000;EasyTag
17;00:09:54.000;00:00:01.000;EasyTag
11;00:09:55.000;00:00:01.000;EasyTag
4;00:09:56.000;00:00:02.000;EasyTag
18;00:09:58.000;00:00:03.000;EasyTag
20;00:10:01.000;00:00:06.000;EasyTag
9;00:10:07.000;00:00:02.000;EasyTag
10;00:10:09.000;00:00:05.000;EasyTag
8;00:10:14.000;00:00:01.000;EasyTag
3;00:10:15.000;00:00:06.000;EasyTag
24;00:10:21.000;00:00:01.000;EasyTag
14;00:10:22.000;00:00:02.000;EasyTag
25;00:10:24.000;00:00:14.000;EasyTag
12;00:10:38.000;00:00:02.000;EasyTag
7;00:10:40.000;00:00:03.000;EasyTag
16;00:10:43.000;00:00:02.000;EasyTag
1;00:10:45.000;00:00:04.000;EasyTag
15;00:10:49.000;00:00:01.000;EasyTag
2;00:10:50.000;00:00:06.000;EasyTag
21;00:10:56.000;00:00:05.000;EasyTag
13;00:11:01.000;00:00:02.000;EasyTag
6;00:11:03.000;00:00:07.000;EasyTag
22;00:11:10.000;00:00:09.000;EasyTag
17;00:11:19.000;00:00:03.000;EasyTag
19;00:11:22.000;00:00:01.000;EasyTag
23;00:11:23.000;00:00:08.000;EasyTag
18;00:11:31.000;00:00:03.000;EasyTag
24;00:11:34.000;00:00:03.000;EasyTag
20;00:11:37.000;00:00:05.000;EasyTag
10;00:11:42.000;00:00:04.000;EasyTag
14;00:11:46.000;00:00:04.000;EasyTag
4;00:11:50.000;00:00:05.000;EasyTag
9;00:11:55.000;00:00:01.000;EasyTag
15;00:11:56.000;00:00:01.000;EasyTag
3;00:11:57.000;00:00:01.000;EasyTag
2;00:11:58.000;00:00:01.000;EasyTag
8;00:11:59.000;00:00:06.000;EasyTag
25;00:12:05.000;00:00:02.000;EasyTag
11;00:12:07.000;00:00:16.000;EasyTag
13;00:12:23.000;00:00:05.000;EasyTag
6;00:12:28.000;00:00:16.000;EasyTag
22;00:12:44.000;00:00:01.000;EasyTag
17;00:12:45.000;00:00:02.000;EasyTag
21;00:12:47.000;00:00:06.000;EasyTag
24;00:12:53.000;00:00:09.000;EasyTag
18;00:13:02.000;00:00:03.000;EasyTag
19;00:13:05.000;00:00:01.000;EasyTag
23;00:13:06.000;00:00:02.000;EasyTag
20;00:13:08.000;00:00:01.000;EasyTag
15;00:13:09.000;00:00:00.000;EasyTag
2;00:13:09.000;00:00:01.000;EasyTag
1;00:13:10.000;00:00:01.000;EasyTag
12;00:13:11.000;00:00:00.000;EasyTag
16;00:13:11.000;00:00:02.000;EasyTag
7;00:13:13.000;00:00:20.000;EasyTag
10;00:13:33.000;00:00:01.000;EasyTag
14;00:13:34.000;00:00:03.000;EasyTag
8;00:13:37.000;00:00:04.000;EasyTag
4;00:13:45.000;00:00:01.000;EasyTag
3;00:13:46.000;00:00:01.000;EasyTag
6;00:13:47.000;00:00:02.000;EasyTag
9;00:13:49.000;00:00:01.000;EasyTag
13;00:13:50.000;00:00:05.000;EasyTag
25;00:13:55.000;00:00:12.000;EasyTag
24;00:14:07.000;00:00:02.000;EasyTag
17;00:14:09.000;00:00:09.000;EasyTag
15;00:14:18.000;00:00:01.000;EasyTag
22;00:14:19.000;00:00:04.000;EasyTag
21;00:14:23.000;00:00:08.000;EasyTag
11;00:14:31.000;00:00:01.000;EasyTag
20;00:14:32.000;00:00:03.000;EasyTag
18;00:14:35.000;00:00:07.000;EasyTag
2;00:14:42.000;00:00:19.000;EasyTag
19;00:15:01.000;00:00:02.000;EasyTag
23;00:15:03.000;00:00:12.000;EasyTag
6;00:15:15.000;00:00:03.000;EasyTag
14;00:15:18.000;00:00:01.000;EasyTag
10;00:15:19.000;00:00:02.000;EasyTag
8;00:15:21.000;00:00:01.000;EasyTag
24;00:15:22.000;00:00:02.000;EasyTag
12;00:15:24.000;00:00:01.000;EasyTag
3;00:15:25.000;00:00:01.000;EasyTag
13;00:15:26.000;00:00:01.000;EasyTag
7;00:15:27.000;00:00:02.000;EasyTag
17;00:15:29.000;00:00:01.000;EasyTag
25;00:15:30.000;00:00:02.000;EasyTag
1;00:15:32.000;00:00:01.000;EasyTag
16;00:15:33.000;00:00:02.000;EasyTag
9;00:15:35.000;00:00:01.000;EasyTag
4;00:15:36.000;00:00:15.000;EasyTag
21;00:15:51.000;00:00:03.000;EasyTag
15;00:15:54.000;00:00:06.000;EasyTag
22;00:16:00.000;00:00:02.000;EasyTag
2;00:16:02.000;00:00:02.000;EasyTag
18;00:16:04.000;00:00:02.000;EasyTag
20;00:16:06.000;00:00:30.000;EasyTag
24;00:16:36.000;00:00:07.000;EasyTag
6;00:16:43.000;00:00:03.000;EasyTag
11;00:16:46.000;00:00:05.000;EasyTag
17;00:16:51.000;00:00:04.000;EasyTag
19;00:16:55.000;00:00:01.000;EasyTag
23;00:16:56.000;00:00:01.000;EasyTag
13;00:16:57.000;00:00:02.000;EasyTag
15;00:16:59.000;00:00:02.000;EasyTag
14;00:17:01.000;00:00:01.000;EasyTag
8;00:17:02.000;00:00:01.000;EasyTag
3;00:17:03.000;00:00:02.000;EasyTag
10;00:17:05.000;00:00:05.000;EasyTag
25;00:17:10.000;00:00:08.000;EasyTag
2;00:17:18.000;00:00:07.000;EasyTag
9;00:17:25.000;00:00:04.000;EasyTag
18;00:17:29.000;00:00:02.000;EasyTag
20;00:17:31.000;00:00:02.000;EasyTag
21;00:17:33.000;00:00:04.000;EasyTag
22;00:17:37.000;00:00:03.000;EasyTag
4;00:17:40.000;00:00:02.000;EasyTag
12;00:17:42.000;00:00:02.000;EasyTag
7;00:17:44.000;00:00:01.000;EasyTag
16;00:17:45.000;00:00:01.000;EasyTag
1;00:17:46.000;00:00:06.000;EasyTag
24;00:17:52.000;00:00:11.000;EasyTag
6;00:18:03.000;00:00:04.000;EasyTag
15;00:18:07.000;00:00:11.000;EasyTag
17;00:18:18.000;00:00:09.000;EasyTag
13;00:18:27.000;00:00:10.000;EasyTag
19;00:18:37.000;00:00:02.000;EasyTag
23;00:18:39.000;00:00:02.000;EasyTag
14;00:18:41.000;00:00:01.000;EasyTag
25;00:18:42.000;00:00:01.000;EasyTag
2;00:18:43.000;00:00:00.000;EasyTag
3;00:18:43.000;00:00:04.000;EasyTag
10;00:18:47.000;00:00:03.000;EasyTag
18;00:18:50.000;00:00:08.000;EasyTag
20;00:18:58.000;00:00:06.000;EasyTag
8;00:19:04.000;00:00:01.000;EasyTag
11;00:19:05.000;00:00:02.000;EasyTag
24;00:19:07.000;00:00:01.000;EasyTag
22;00:19:08.000;00:00:03.000;EasyTag
21;00:19:11.000;00:00:10.000;EasyTag
9;00:19:21.000;00:00:05.000;EasyTag
6;00:19:26.000;00:00:02.000;EasyTag
4;00:19:28.000;00:00:02.000;EasyTag
17;00:19:30.000;00:00:03.000;EasyTag
13;00:19:33.000;00:00:01.000;EasyTag
15;00:19:34.000;00:00:02.000;EasyTag
16;00:19:36.000;00:00:11.000;EasyTag
12;00:19:47.000;00:00:01.000;EasyTag
3;00:19:48.000;00:00:02.000;EasyTag
25;00:19:50.000;00:00:02.000;EasyTag
19;00:19:52.000;00:00:01.000;EasyTag
1;00:19:53.000;00:00:01.000;EasyTag
23;00:19:54.000;00:00:04.000;EasyTag
18;00:19:58.000;00:00:04.000;EasyTag
14;00:20:02.000;00:00:06.000;EasyTag
10;00:20:08.000;00:00:01.000;EasyTag
2;00:20:09.000;00:00:02.000;EasyTag
24;00:20:11.000;00:00:05.000;EasyTag
20;00:20:16.000;00:00:01.000;EasyTag
9;00:20:17.000;00:00:04.000;EasyTag
7;00:20:21.000;00:00:03.000;EasyTag
6;00:20:24.000;00:00:02.000;EasyTag
8;00:20:26.000;00:00:11.000;EasyTag
22;00:20:37.000;00:00:05.000;EasyTag
11;00:20:42.000;00:00:07.000;EasyTag
21;00:20:49.000;00:00:02.000;EasyTag
4;00:20:51.000;00:00:32.000;EasyTag
16;00:21:23.000;00:00:03.000;EasyTag
